  TOUGHREACT V4.13omp : chdump.out
 
  INITIAL WATER NUMBER:    1
  TIME t = 0
  SPECIATION TEMPERATURE (C):     25.000    PRESSURE (bar):      1.000
  CHEM.ITERATIONS:    47
  IONIC STRENGTH:   1.2682E-02    STOIC. IONIC STRENGTH:   1.3556E-02
                                                                                                                                                 input
     primary species       molality         gamma    log activ.  tot.aqueous  tot.aqueous  tot.solid    tot.gas      tot.sorbed   aq.kinetics  tot.system  tot.balance  aq.balance
                         (water in kg) (H2O activity)              molality      moles       moles       moles          moles        moles        moles
     ------------------------------------------------------------------------------------------------------------------------------------------------------------------------------
   1 h2o                  9.99999E-01    9.99776E-01    -0.000   5.55094E+01  5.55093E+01  0.00000E+00  0.00000E+00  0.00000E+00  0.00000E+00  5.55093E+01  9.97538E-10 -6.91017E-10
   2 h+                   5.34417E-09    8.94350E-01    -8.321  -1.86181E-04 -1.86180E-04  0.00000E+00  0.00000E+00  0.00000E+00  0.00000E+00 -1.86180E-04 -3.19711E-10  1.48048E-14
   3 ca+2                 2.26818E-03    6.37610E-01    -2.840   2.52100E-03  2.52099E-03  0.00000E+00  0.00000E+00  0.00000E+00  0.00000E+00  2.52100E-03 -6.42425E-09  5.38527E-09
   4 mg+2                 6.30422E-04    6.36579E-01    -3.397   6.99599E-04  6.99598E-04  0.00000E+00  0.00000E+00  0.00000E+00  0.00000E+00  6.99600E-04 -1.96769E-09  1.60178E-09
   5 na+                  2.63933E-03    8.92122E-01    -2.628   2.66800E-03  2.66800E-03  0.00000E+00  0.00000E+00  0.00000E+00  0.00000E+00  2.66800E-03 -2.27275E-10  2.07235E-10
   6 cl-                  3.29749E-03    8.92348E-01    -2.531   3.30200E-03  3.30200E-03  0.00000E+00  0.00000E+00  0.00000E+00  0.00000E+00  3.30200E-03 -6.98432E-11  6.14680E-11
   7 sio2(aq)             1.09549E-03    1.00000E+00    -2.960   1.17500E-03  1.17500E-03  0.00000E+00  0.00000E+00  0.00000E+00  0.00000E+00  1.17500E-03  7.17888E-10 -5.00196E-10
   8 hco3-                3.02918E-03    8.92715E-01    -2.568   3.26023E-03  3.26023E-03  0.00000E+00  0.00000E+00  0.00000E+00  0.00000E+00  3.26023E-03 -2.09854E-09  1.83689E-09
   9 so4-2                1.03377E-03    6.39841E-01    -3.180   1.20800E-03  1.20799E-03  0.00000E+00  0.00000E+00  0.00000E+00  0.00000E+00  1.20800E-03 -5.91961E-09  4.72453E-09
  10 k+                   2.03688E-04    8.92667E-01    -3.740   2.04700E-04  2.04700E-04  0.00000E+00  0.00000E+00  0.00000E+00  0.00000E+00  2.04700E-04 -1.75261E-11  1.28409E-11
  11 alo2-                6.09976E-10    8.92348E-01    -9.264   6.17301E-10  6.17300E-10  0.00000E+00  0.00000E+00  0.00000E+00  0.00000E+00  6.17300E-10 -6.47063E-17  4.69573E-17
  12 f-                   4.45750E-05    8.92270E-01    -4.400   4.52900E-05  4.52900E-05  0.00000E+00  0.00000E+00  0.00000E+00  0.00000E+00  4.52900E-05 -1.25593E-11  1.06452E-11
  13 hfeo2(aq)            1.07750E-12    1.00000E+00   -11.968   1.15500E-12  1.15500E-12  0.00000E+00  0.00000E+00  0.00000E+00  0.00000E+00  1.15500E-12  6.71265E-19 -5.16220E-19
  14 no3-                 1.04200E-04    8.94061E-01    -4.031   1.04200E-04  1.04200E-04  0.00000E+00  0.00000E+00  0.00000E+00  0.00000E+00  1.04200E-04  1.19255E-15 -2.48978E-15

     secondary species     molality         gamma    log activ.  log(K)
     --------------------------------------------------------------------
  15 al+3                 5.89979E-20    3.64454E-01   -19.668   -22.879
  16 al(oh)2+             2.68362E-14    8.92738E-01   -13.621   -12.285
  17 aloh+2               7.79363E-17    6.37373E-01   -16.304   -17.922
  18 co2(aq)              2.82899E-05    1.00308E+00    -4.547    -6.341
  19 co3-2                4.19270E-05    6.38634E-01    -4.572    10.325
  20 caco3(aq)            8.01692E-05    1.00000E+00    -4.096     7.009
  21 cacl+                2.40360E-06    8.92738E-01    -5.668     0.297
  22 cacl2(aq)            2.78016E-09    1.00000E+00    -8.556     0.654
  23 caf+                 3.06517E-07    8.92738E-01    -6.563    -0.677
  24 cahco3+              4.83507E-05    8.92738E-01    -4.365    -1.043
  25 cahsio3+             1.00178E-06    8.92738E-01    -6.049     8.569
  26 caoh+                4.96513E-08    8.92738E-01    -7.353    12.834
  27 caso4(aq)            1.20534E-04    1.00000E+00    -3.919    -2.100
  28 fecl+2               1.70594E-26    6.37373E-01   -25.964   -13.497
  29 fef+2                7.64196E-24    6.37373E-01   -23.312   -18.017
  30 fef2+                4.79531E-26    8.92738E-01   -25.368   -20.362
  31 feo+                 1.35169E-14    8.92738E-01   -13.918    -6.370
  32 feo2-                6.39879E-14    8.92348E-01   -13.243     9.596
  33 feoh+2               2.53308E-19    6.37373E-01   -18.792    -9.817
  34 feso4+               7.57448E-27    8.92738E-01   -26.170   -13.939
  35 halo2                7.29760E-12    1.00000E+00   -11.137    -6.448
  36 hf(aq)               2.77207E-10    1.00000E+00    -9.557    -3.164
  37 hf2-                 2.97910E-15    8.92348E-01   -14.575    -2.546
  38 fe+3                 3.38854E-25    3.64896E-01   -24.908   -12.021
  39 hno3(aq)             2.19155E-14    1.00000E+00   -13.659     1.308
  40 hsio3-               6.83826E-05    8.92348E-01    -4.215     9.575
  41 kcl(aq)              1.53930E-09    1.00000E+00    -8.813     2.541
  42 khso4(aq)            1.80737E-17    1.00000E+00   -16.743     1.502
  43 koh(aq)              1.38101E-10    1.00000E+00    -9.860    14.440
  44 kso4-                1.01069E-06    8.92348E-01    -6.045    -0.875
  45 mgco3(aq)            9.99527E-06    1.00000E+00    -5.000     7.356
  46 mgcl+                9.60248E-07    8.92738E-01    -6.067     0.139
  47 mgf+                 3.98946E-07    8.92738E-01    -6.448    -1.349
  48 mghco3+              1.31108E-05    8.92738E-01    -4.932    -1.033
  49 mghsio3+             4.94837E-07    8.92738E-01    -6.355     8.318
  50 mgoh+                1.95568E-07    8.92738E-01    -6.758    11.682
  51 mgso4(aq)            4.40228E-05    1.00000E+00    -4.356    -2.220
  52 naco3-               2.28856E-07    8.92348E-01    -6.690     9.814
  53 nacl(aq)             1.14421E-06    1.00000E+00    -5.941     0.782
  54 naf(aq)              9.31156E-09    1.00000E+00    -8.031     1.002
  55 nahco3(aq)           8.98259E-06    1.00000E+00    -5.047    -0.149
  56 nahsio3(aq)          9.63533E-06    1.00000E+00    -5.016     7.748
  57 naoh(aq)             3.06743E-09    1.00000E+00    -8.513    14.206
  58 naso4-               8.66492E-06    8.92348E-01    -5.112    -0.696
  59 oh-                  2.39273E-06    8.92218E-01    -5.671    13.991
  60 sif6-2               6.50758E-37    6.39288E-01   -36.381   -26.264

     Solution charge imbalance =  -1.109E-09 equiv  ( -6.370E-06%)

     eq.minerals             moles        log(K)     log(Q/K)   v.frac solid
     ------------------------------------------------------------
   1 gypsum               0.00000E+00    -4.474       -1.54526
   2 calcite              0.00000E+00     1.854        1.05864

     kin.minerals            moles        log(K)     log(Q/K)   v.frac solid rate(mol/sec)
     ---------------------------------------------------------------------------
   1 microcline-b         0.00000E+00   -21.819       -0.06688
   2 albite-low           0.00000E+00   -20.178       -0.59532
   3 anorthite            0.00000E+00   -20.483       -6.80598
   4 smect-ca-cal         0.00000E+00   -36.966       -0.46670
   5 smect-na-cal         0.00000E+00   -36.980       -0.80306
   6 smect-mg-cal         0.00000E+00   -37.057       -0.45684
   7 illite               0.00000E+00   -42.013       -0.02081
   8 tridymite            0.00000E+00    -3.572        0.61188
   9 cristoba-a           0.00000E+00    -3.194        0.23335
  10 quartz               0.00000E+00    -3.744        0.78399
  11 hydglassfe3          0.00000E+00     1.461       -4.75949
  12 stell/10-r02         0.00000E+00   -16.880        0.10847
  13 heul/10-r02          0.00000E+00   -16.872       -0.17782
  14 mord/10-r02          0.00000E+00   -15.254       -0.50040
  15 clpt/10-r02          0.00000E+00   -16.022       -0.12125
  16 sio2(amor.)          0.00000E+00    -2.672       -0.28844
  17 fluorite             0.00000E+00   -10.027       -1.61326
  18 sepiolite            0.00000E+00    15.988        1.61978
  19 nano3                0.00000E+00     1.590       -8.24890
  20 kno3                 0.00000E+00    -0.204       -6.45531
  21 halite               0.00000E+00     1.590       -6.74964
  22 sylvite              0.00000E+00     0.851       -7.12215

      gases                  moles     log(K)     log(Q/K/fuga)    log(Pgas)   phi    
     ------------------------------------------------------------------------
   1 co2(g)               0.00000E+00    -7.809        0.00000       -3.07659   0.99372



  INJECTION WATER NUMBER:    1
  TIME t = 0
  SPECIATION TEMPERATURE (C):     25.000    PRESSURE (bar):      1.000
  CHEM.ITERATIONS:    47
  IONIC STRENGTH:   1.2682E-02    STOIC. IONIC STRENGTH:   1.3556E-02
                                                                                                                                                 input
     primary species       molality         gamma    log activ.  tot.aqueous  tot.aqueous  tot.solid    tot.gas      tot.sorbed   aq.kinetics  tot.system  tot.balance  aq.balance
                         (water in kg) (H2O activity)              molality      moles       moles       moles          moles        moles        moles
     ------------------------------------------------------------------------------------------------------------------------------------------------------------------------------
   1 h2o                  9.99999E-01    9.99776E-01    -0.000   5.55094E+01  5.55093E+01  0.00000E+00  0.00000E+00  0.00000E+00  0.00000E+00  5.55093E+01  9.97538E-10 -6.91017E-10
   2 h+                   5.34417E-09    8.94350E-01    -8.321  -1.86181E-04 -1.86180E-04  0.00000E+00  0.00000E+00  0.00000E+00  0.00000E+00 -1.86180E-04 -3.19711E-10  1.48048E-14
   3 ca+2                 2.26818E-03    6.37610E-01    -2.840   2.52100E-03  2.52099E-03  0.00000E+00  0.00000E+00  0.00000E+00  0.00000E+00  2.52100E-03 -6.42425E-09  5.38527E-09
   4 mg+2                 6.30422E-04    6.36579E-01    -3.397   6.99599E-04  6.99598E-04  0.00000E+00  0.00000E+00  0.00000E+00  0.00000E+00  6.99600E-04 -1.96769E-09  1.60178E-09
   5 na+                  2.63933E-03    8.92122E-01    -2.628   2.66800E-03  2.66800E-03  0.00000E+00  0.00000E+00  0.00000E+00  0.00000E+00  2.66800E-03 -2.27275E-10  2.07235E-10
   6 cl-                  3.29749E-03    8.92348E-01    -2.531   3.30200E-03  3.30200E-03  0.00000E+00  0.00000E+00  0.00000E+00  0.00000E+00  3.30200E-03 -6.98432E-11  6.14680E-11
   7 sio2(aq)             1.09549E-03    1.00000E+00    -2.960   1.17500E-03  1.17500E-03  0.00000E+00  0.00000E+00  0.00000E+00  0.00000E+00  1.17500E-03  7.17888E-10 -5.00196E-10
   8 hco3-                3.02918E-03    8.92715E-01    -2.568   3.26023E-03  3.26023E-03  0.00000E+00  0.00000E+00  0.00000E+00  0.00000E+00  3.26023E-03 -2.09854E-09  1.83689E-09
   9 so4-2                1.03377E-03    6.39841E-01    -3.180   1.20800E-03  1.20799E-03  0.00000E+00  0.00000E+00  0.00000E+00  0.00000E+00  1.20800E-03 -5.91961E-09  4.72453E-09
  10 k+                   2.03688E-04    8.92667E-01    -3.740   2.04700E-04  2.04700E-04  0.00000E+00  0.00000E+00  0.00000E+00  0.00000E+00  2.04700E-04 -1.75261E-11  1.28409E-11
  11 alo2-                6.09976E-10    8.92348E-01    -9.264   6.17301E-10  6.17300E-10  0.00000E+00  0.00000E+00  0.00000E+00  0.00000E+00  6.17300E-10 -6.47063E-17  4.69573E-17
  12 f-                   4.45750E-05    8.92270E-01    -4.400   4.52900E-05  4.52900E-05  0.00000E+00  0.00000E+00  0.00000E+00  0.00000E+00  4.52900E-05 -1.25593E-11  1.06452E-11
  13 hfeo2(aq)            1.07750E-12    1.00000E+00   -11.968   1.15500E-12  1.15500E-12  0.00000E+00  0.00000E+00  0.00000E+00  0.00000E+00  1.15500E-12  6.71265E-19 -5.16220E-19
  14 no3-                 1.04200E-04    8.94061E-01    -4.031   1.04200E-04  1.04200E-04  0.00000E+00  0.00000E+00  0.00000E+00  0.00000E+00  1.04200E-04  1.19255E-15 -2.48978E-15

     secondary species     molality         gamma    log activ.  log(K)
     --------------------------------------------------------------------
  15 al+3                 5.89979E-20    3.64454E-01   -19.668   -22.879
  16 al(oh)2+             2.68362E-14    8.92738E-01   -13.621   -12.285
  17 aloh+2               7.79363E-17    6.37373E-01   -16.304   -17.922
  18 co2(aq)              2.82899E-05    1.00308E+00    -4.547    -6.341
  19 co3-2                4.19270E-05    6.38634E-01    -4.572    10.325
  20 caco3(aq)            8.01692E-05    1.00000E+00    -4.096     7.009
  21 cacl+                2.40360E-06    8.92738E-01    -5.668     0.297
  22 cacl2(aq)            2.78016E-09    1.00000E+00    -8.556     0.654
  23 caf+                 3.06517E-07    8.92738E-01    -6.563    -0.677
  24 cahco3+              4.83507E-05    8.92738E-01    -4.365    -1.043
  25 cahsio3+             1.00178E-06    8.92738E-01    -6.049     8.569
  26 caoh+                4.96513E-08    8.92738E-01    -7.353    12.834
  27 caso4(aq)            1.20534E-04    1.00000E+00    -3.919    -2.100
  28 fecl+2               1.70594E-26    6.37373E-01   -25.964   -13.497
  29 fef+2                7.64196E-24    6.37373E-01   -23.312   -18.017
  30 fef2+                4.79531E-26    8.92738E-01   -25.368   -20.362
  31 feo+                 1.35169E-14    8.92738E-01   -13.918    -6.370
  32 feo2-                6.39879E-14    8.92348E-01   -13.243     9.596
  33 feoh+2               2.53308E-19    6.37373E-01   -18.792    -9.817
  34 feso4+               7.57448E-27    8.92738E-01   -26.170   -13.939
  35 halo2                7.29760E-12    1.00000E+00   -11.137    -6.448
  36 hf(aq)               2.77207E-10    1.00000E+00    -9.557    -3.164
  37 hf2-                 2.97910E-15    8.92348E-01   -14.575    -2.546
  38 fe+3                 3.38854E-25    3.64896E-01   -24.908   -12.021
  39 hno3(aq)             2.19155E-14    1.00000E+00   -13.659     1.308
  40 hsio3-               6.83826E-05    8.92348E-01    -4.215     9.575
  41 kcl(aq)              1.53930E-09    1.00000E+00    -8.813     2.541
  42 khso4(aq)            1.80737E-17    1.00000E+00   -16.743     1.502
  43 koh(aq)              1.38101E-10    1.00000E+00    -9.860    14.440
  44 kso4-                1.01069E-06    8.92348E-01    -6.045    -0.875
  45 mgco3(aq)            9.99527E-06    1.00000E+00    -5.000     7.356
  46 mgcl+                9.60248E-07    8.92738E-01    -6.067     0.139
  47 mgf+                 3.98946E-07    8.92738E-01    -6.448    -1.349
  48 mghco3+              1.31108E-05    8.92738E-01    -4.932    -1.033
  49 mghsio3+             4.94837E-07    8.92738E-01    -6.355     8.318
  50 mgoh+                1.95568E-07    8.92738E-01    -6.758    11.682
  51 mgso4(aq)            4.40228E-05    1.00000E+00    -4.356    -2.220
  52 naco3-               2.28856E-07    8.92348E-01    -6.690     9.814
  53 nacl(aq)             1.14421E-06    1.00000E+00    -5.941     0.782
  54 naf(aq)              9.31156E-09    1.00000E+00    -8.031     1.002
  55 nahco3(aq)           8.98259E-06    1.00000E+00    -5.047    -0.149
  56 nahsio3(aq)          9.63533E-06    1.00000E+00    -5.016     7.748
  57 naoh(aq)             3.06743E-09    1.00000E+00    -8.513    14.206
  58 naso4-               8.66492E-06    8.92348E-01    -5.112    -0.696
  59 oh-                  2.39273E-06    8.92218E-01    -5.671    13.991
  60 sif6-2               6.50758E-37    6.39288E-01   -36.381   -26.264

     Solution charge imbalance =  -1.109E-09 equiv  ( -6.370E-06%)

     eq.minerals             moles        log(K)     log(Q/K)   v.frac solid
     ------------------------------------------------------------
   1 gypsum               0.00000E+00    -4.474       -1.54526
   2 calcite              0.00000E+00     1.854        1.05864

     kin.minerals            moles        log(K)     log(Q/K)   v.frac solid rate(mol/sec)
     ---------------------------------------------------------------------------
   1 microcline-b         0.00000E+00   -21.819       -0.06688
   2 albite-low           0.00000E+00   -20.178       -0.59532
   3 anorthite            0.00000E+00   -20.483       -6.80598
   4 smect-ca-cal         0.00000E+00   -36.966       -0.46670
   5 smect-na-cal         0.00000E+00   -36.980       -0.80306
   6 smect-mg-cal         0.00000E+00   -37.057       -0.45684
   7 illite               0.00000E+00   -42.013       -0.02081
   8 tridymite            0.00000E+00    -3.572        0.61188
   9 cristoba-a           0.00000E+00    -3.194        0.23335
  10 quartz               0.00000E+00    -3.744        0.78399
  11 hydglassfe3          0.00000E+00     1.461       -4.75949
  12 stell/10-r02         0.00000E+00   -16.880        0.10847
  13 heul/10-r02          0.00000E+00   -16.872       -0.17782
  14 mord/10-r02          0.00000E+00   -15.254       -0.50040
  15 clpt/10-r02          0.00000E+00   -16.022       -0.12125
  16 sio2(amor.)          0.00000E+00    -2.672       -0.28844
  17 fluorite             0.00000E+00   -10.027       -1.61326
  18 sepiolite            0.00000E+00    15.988        1.61978
  19 nano3                0.00000E+00     1.590       -8.24890
  20 kno3                 0.00000E+00    -0.204       -6.45531
  21 halite               0.00000E+00     1.590       -6.74964
  22 sylvite              0.00000E+00     0.851       -7.12215

      gases                  moles     log(K)     log(Q/K/fuga)    log(Pgas)   phi    
     ------------------------------------------------------------------------
   1 co2(g)               0.00000E+00    -7.809        0.00000       -3.07659   0.99372



  Write chemical speciation in chemical.inp format
 
  Time =  1.000000E+00 yr

# Grid block: dr001
# Index  Temp(C)  Press(bar)
   1   115.448      0.8872
# component    icon      guess        ctotal    fix  log(Q/K)
h2o              1    1.0000E+00   1.000000E+00   *     0.0
h+               1    5.3442E-09  -1.861805E-04   *     0.0
ca+2             1    2.2682E-03   2.520996E-03   *     0.0
mg+2             1    6.3042E-04   6.995987E-04   *     0.0
na+              1    2.6393E-03   2.668002E-03   *     0.0
cl-              1    3.2975E-03   3.302003E-03   *     0.0
sio2(aq)         1    1.0955E-03   1.175002E-03   *     0.0
hco3-            1    3.0292E-03   3.260231E-03   *     0.0
so4-2            1    1.0338E-03   1.207995E-03   *     0.0
k+               1    2.0369E-04   2.047002E-04   *     0.0
alo2-            1    6.0998E-10   6.173005E-10   *     0.0
f-               1    4.4575E-05   4.529003E-05   *     0.0
hfeo2(aq)        1    1.0775E-12   1.155002E-12   *     0.0
no3-             1    1.0420E-04   1.042001E-04   *     0.0
*

# Grid block: f2182
# Index  Temp(C)  Press(bar)
   2    30.942      0.8885
# component    icon      guess        ctotal    fix  log(Q/K)
h2o              1    1.0000E+00   1.000000E+00   *     0.0
h+               1    9.4822E-09  -1.078633E-04   *     0.0
ca+2             1    2.2260E-03   2.461195E-03   *     0.0
mg+2             1    5.9280E-04   6.575397E-04   *     0.0
na+              1    2.9838E-03   3.012052E-03   *     0.0
cl-              1    3.2942E-03   3.298982E-03   *     0.0
sio2(aq)         1    1.3192E-03   1.380676E-03   *     0.0
hco3-            1    3.1480E-03   3.361977E-03   *     0.0
so4-2            1    1.0309E-03   1.207750E-03   *     0.0
k+               1    8.4095E-05   8.452171E-05   *     0.0
alo2-            1    1.0598E-09   1.076873E-09   *     0.0
f-               1    4.4541E-05   4.525026E-05   *     0.0
hfeo2(aq)        1    1.0883E-12   1.153883E-12   *     0.0
no3-             1    1.0410E-04   1.041044E-04   *     0.0
*

# Grid block: m2182
# Index  Temp(C)  Press(bar)
   3    30.942      0.9085
# component    icon      guess        ctotal    fix  log(Q/K)
h2o              1    1.0000E+00   1.000000E+00   *     0.0
h+               1    8.6560E-09  -1.210371E-04   *     0.0
ca+2             1    2.1467E-03   2.374375E-03   *     0.0
mg+2             1    5.9364E-04   6.585045E-04   *     0.0
na+              1    2.9808E-03   3.009212E-03   *     0.0
cl-              1    3.2946E-03   3.299296E-03   *     0.0
sio2(aq)         1    1.3091E-03   1.375712E-03   *     0.0
hco3-            1    2.9686E-03   3.171411E-03   *     0.0
so4-2            1    1.0336E-03   1.207870E-03   *     0.0
k+               1    8.1836E-05   8.225446E-05   *     0.0
alo2-            1    2.6303E-09   2.669003E-09   *     0.0
f-               1    4.4553E-05   4.525459E-05   *     0.0
hfeo2(aq)        1    1.0853E-12   1.153993E-12   *     0.0
no3-             1    1.0411E-04   1.041143E-04   *     0.0
*

# Grid block: f 645
# Index  Temp(C)  Press(bar)
   4    25.044      0.8864
# component    icon      guess        ctotal    fix  log(Q/K)
h2o              1    1.0000E+00   1.000000E+00   *     0.0
h+               1    4.8674E-09  -2.194364E-04   *     0.0
ca+2             1    2.1415E-03   2.385003E-03   *     0.0
mg+2             1    5.8283E-04   6.476358E-04   *     0.0
na+              1    3.0420E-03   3.078391E-03   *     0.0
cl-              1    3.2951E-03   3.299614E-03   *     0.0
sio2(aq)         1    1.3205E-03   1.427456E-03   *     0.0
hco3-            1    2.9073E-03   3.132062E-03   *     0.0
so4-2            1    1.0401E-03   1.207161E-03   *     0.0
k+               1    7.0798E-05   7.115345E-05   *     0.0
alo2-            1    4.9284E-10   4.982272E-10   *     0.0
f-               1    4.4585E-05   4.525734E-05   *     0.0
hfeo2(aq)        1    1.0720E-12   1.154163E-12   *     0.0
no3-             1    1.0412E-04   1.041247E-04   *     0.0
*

# Grid block: m 645
# Index  Temp(C)  Press(bar)
   5    25.044      0.8882
# component    icon      guess        ctotal    fix  log(Q/K)
h2o              1    1.0000E+00   1.000000E+00   *     0.0
h+               1    4.8620E-09  -2.196698E-04   *     0.0
ca+2             1    2.1405E-03   2.383876E-03   *     0.0
mg+2             1    5.8268E-04   6.474757E-04   *     0.0
na+              1    3.0428E-03   3.079172E-03   *     0.0
cl-              1    3.2951E-03   3.299605E-03   *     0.0
sio2(aq)         1    1.3211E-03   1.428209E-03   *     0.0
hco3-            1    2.9054E-03   3.130057E-03   *     0.0
so4-2            1    1.0401E-03   1.207159E-03   *     0.0
k+               1    7.0808E-05   7.116321E-05   *     0.0
alo2-            1    1.1682E-09   1.180924E-09   *     0.0
f-               1    4.4585E-05   4.525722E-05   *     0.0
hfeo2(aq)        1    1.0720E-12   1.154160E-12   *     0.0
no3-             1    1.0412E-04   1.041244E-04   *     0.0
*

# Grid block: f 642
# Index  Temp(C)  Press(bar)
   6    25.168      0.8868
# component    icon      guess        ctotal    fix  log(Q/K)
h2o              1    1.0000E+00   1.000000E+00   *     0.0
h+               1    5.0557E-09  -2.074774E-04   *     0.0
ca+2             1    2.1758E-03   2.421340E-03   *     0.0
mg+2             1    5.9634E-04   6.623508E-04   *     0.0
na+              1    2.9649E-03   2.999186E-03   *     0.0
cl-              1    3.2953E-03   3.299786E-03   *     0.0
sio2(aq)         1    1.2557E-03   1.353586E-03   *     0.0
hco3-            1    2.9392E-03   3.164828E-03   *     0.0
so4-2            1    1.0381E-03   1.207272E-03   *     0.0
k+               1    6.9142E-05   6.948809E-05   *     0.0
alo2-            1    5.6994E-10   5.763712E-10   *     0.0
f-               1    4.4575E-05   4.525979E-05   *     0.0
hfeo2(aq)        1    1.0737E-12   1.154219E-12   *     0.0
no3-             1    1.0413E-04   1.041301E-04   *     0.0
*

# Grid block: m 642
# Index  Temp(C)  Press(bar)
   7    25.168      0.8877
# component    icon      guess        ctotal    fix  log(Q/K)
h2o              1    1.0000E+00   1.000000E+00   *     0.0
h+               1    5.0466E-09  -2.077615E-04   *     0.0
ca+2             1    2.1743E-03   2.419665E-03   *     0.0
mg+2             1    5.9631E-04   6.623209E-04   *     0.0
na+              1    2.9650E-03   2.999302E-03   *     0.0
cl-              1    3.2953E-03   3.299782E-03   *     0.0
sio2(aq)         1    1.2557E-03   1.353741E-03   *     0.0
hco3-            1    2.9357E-03   3.161248E-03   *     0.0
so4-2            1    1.0382E-03   1.207272E-03   *     0.0
k+               1    6.9137E-05   6.948348E-05   *     0.0
alo2-            1    1.4225E-09   1.438563E-09   *     0.0
f-               1    4.4575E-05   4.525974E-05   *     0.0
hfeo2(aq)        1    1.0736E-12   1.154217E-12   *     0.0
no3-             1    1.0413E-04   1.041300E-04   *     0.0
*

# Grid block: f 643
# Index  Temp(C)  Press(bar)
   8    25.195      0.8868
# component    icon      guess        ctotal    fix  log(Q/K)
h2o              1    1.0000E+00   1.000000E+00   *     0.0
h+               1    5.0737E-09  -2.068546E-04   *     0.0
ca+2             1    2.1764E-03   2.421909E-03   *     0.0
mg+2             1    5.9635E-04   6.623564E-04   *     0.0
na+              1    2.9649E-03   2.999118E-03   *     0.0
cl-              1    3.2953E-03   3.299785E-03   *     0.0
sio2(aq)         1    1.2559E-03   1.353555E-03   *     0.0
hco3-            1    2.9410E-03   3.166565E-03   *     0.0
so4-2            1    1.0381E-03   1.207274E-03   *     0.0
k+               1    6.9178E-05   6.952458E-05   *     0.0
alo2-            1    5.7175E-10   5.782107E-10   *     0.0
f-               1    4.4575E-05   4.525978E-05   *     0.0
hfeo2(aq)        1    1.0738E-12   1.154218E-12   *     0.0
no3-             1    1.0413E-04   1.041301E-04   *     0.0
*

# Grid block: m 643
# Index  Temp(C)  Press(bar)
   9    25.195      0.8878
# component    icon      guess        ctotal    fix  log(Q/K)
h2o              1    1.0000E+00   1.000000E+00   *     0.0
h+               1    5.0591E-09  -2.073008E-04   *     0.0
ca+2             1    2.1740E-03   2.419242E-03   *     0.0
mg+2             1    5.9632E-04   6.623264E-04   *     0.0
na+              1    2.9650E-03   2.999235E-03   *     0.0
cl-              1    3.2953E-03   3.299782E-03   *     0.0
sio2(aq)         1    1.2558E-03   1.353711E-03   *     0.0
hco3-            1    2.9355E-03   3.160840E-03   *     0.0
so4-2            1    1.0382E-03   1.207273E-03   *     0.0
k+               1    6.9175E-05   6.952119E-05   *     0.0
alo2-            1    1.4272E-09   1.443300E-09   *     0.0
f-               1    4.4575E-05   4.525974E-05   *     0.0
hfeo2(aq)        1    1.0737E-12   1.154217E-12   *     0.0
no3-             1    1.0413E-04   1.041300E-04   *     0.0
*

# Grid block: f1929
# Index  Temp(C)  Press(bar)
  10    27.857      0.8873
# component    icon      guess        ctotal    fix  log(Q/K)
h2o              1    1.0000E+00   1.000000E+00   *     0.0
h+               1    7.0178E-09  -1.532475E-04   *     0.0
ca+2             1    2.2236E-03   2.465253E-03   *     0.0
mg+2             1    5.9603E-04   6.612994E-04   *     0.0
na+              1    2.9696E-03   3.000302E-03   *     0.0
cl-              1    3.2946E-03   3.299212E-03   *     0.0
sio2(aq)         1    1.2838E-03   1.359784E-03   *     0.0
hco3-            1    3.0913E-03   3.310412E-03   *     0.0
so4-2            1    1.0342E-03   1.207726E-03   *     0.0
k+               1    7.4261E-05   7.463442E-05   *     0.0
alo2-            1    7.6816E-10   7.787112E-10   *     0.0
f-               1    4.4555E-05   4.525321E-05   *     0.0
hfeo2(aq)        1    1.0825E-12   1.153958E-12   *     0.0
no3-             1    1.0411E-04   1.041117E-04   *     0.0
*

# Grid block: m1929
# Index  Temp(C)  Press(bar)
  11    27.857      0.8972
# component    icon      guess        ctotal    fix  log(Q/K)
h2o              1    1.0000E+00   1.000000E+00   *     0.0
h+               1    6.5088E-09  -1.642104E-04   *     0.0
ca+2             1    2.1582E-03   2.393670E-03   *     0.0
mg+2             1    5.9591E-04   6.612486E-04   *     0.0
na+              1    2.9695E-03   3.000529E-03   *     0.0
cl-              1    3.2947E-03   3.299252E-03   *     0.0
sio2(aq)         1    1.2786E-03   1.360125E-03   *     0.0
hco3-            1    2.9450E-03   3.156420E-03   *     0.0
so4-2            1    1.0364E-03   1.207741E-03   *     0.0
k+               1    7.4344E-05   7.471928E-05   *     0.0
alo2-            1    1.9123E-09   1.936675E-09   *     0.0
f-               1    4.4562E-05   4.525377E-05   *     0.0
hfeo2(aq)        1    1.0794E-12   1.153973E-12   *     0.0
no3-             1    1.0411E-04   1.041130E-04   *     0.0
*

# Grid block: f2171
# Index  Temp(C)  Press(bar)
  12    37.500      0.8884
# component    icon      guess        ctotal    fix  log(Q/K)
h2o              1    1.0000E+00   1.000000E+00   *     0.0
h+               1    1.5958E-08  -3.513979E-05   *     0.0
ca+2             1    2.1684E-03   2.391488E-03   *     0.0
mg+2             1    5.8311E-04   6.477564E-04   *     0.0
na+              1    3.0208E-03   3.046072E-03   *     0.0
cl-              1    3.2939E-03   3.298867E-03   *     0.0
sio2(aq)         1    1.3924E-03   1.436287E-03   *     0.0
hco3-            1    3.1176E-03   3.331915E-03   *     0.0
so4-2            1    1.0249E-03   1.207708E-03   *     0.0
k+               1    1.0596E-04   1.065119E-04   *     0.0
alo2-            1    2.0986E-09   2.141264E-09   *     0.0
f-               1    4.4517E-05   4.524869E-05   *     0.0
hfeo2(aq)        1    1.0953E-12   1.153831E-12   *     0.0
no3-             1    1.0410E-04   1.041008E-04   *     0.0
*

# Grid block: m2171
# Index  Temp(C)  Press(bar)
  13    37.500      0.9243
# component    icon      guess        ctotal    fix  log(Q/K)
h2o              1    1.0000E+00   1.000000E+00   *     0.0
h+               1    1.4785E-08  -4.753247E-05   *     0.0
ca+2             1    2.1052E-03   2.321920E-03   *     0.0
mg+2             1    5.8631E-04   6.512693E-04   *     0.0
na+              1    3.0069E-03   3.032049E-03   *     0.0
cl-              1    3.2946E-03   3.299575E-03   *     0.0
sio2(aq)         1    1.3704E-03   1.416898E-03   *     0.0
hco3-            1    2.9658E-03   3.167096E-03   *     0.0
so4-2            1    1.0272E-03   1.207965E-03   *     0.0
k+               1    1.0094E-04   1.014767E-04   *     0.0
alo2-            1    5.1003E-09   5.196528E-09   *     0.0
f-               1    4.4531E-05   4.525840E-05   *     0.0
hfeo2(aq)        1    1.0935E-12   1.154079E-12   *     0.0
no3-             1    1.0412E-04   1.041232E-04   *     0.0
*
